0.041857387289005274
0.06415092924839817
0.0821610603320617
0.09437827255484146
0.103794639045203
0.10413618339166461
0.10353111710243885
0.10414806054915479
0.10734297108891255
0.10877669234496562

0.053026985970195915
0.06372540967222941
0.07735051487346248
0.09354266992628724
0.1041053748079838
0.10931066164770976
0.11426521370774052
0.1192130148786173
0.12437661682326386
0.13076876372442736

0.051874983157312184
0.06479726647390342
0.07710662075614218
0.09264653471727122
0.10600845673080618
0.11081997612286248
0.11291570198188502
0.11634784418777713
0.1192646859694066
0.12486481567080082

0.0524044805797835
0.08906919993053847
0.09394402571705443
0.09157972511502856
0.10170515098987004
0.1082133930805636
0.10511358997630048
0.1063960334253136
0.1074082827624425
0.11325415051674105

0.051999313366281136
0.08400020010085527
0.08872819919023911
0.0900382130599941
0.10049605988514446
0.10946923519877746
0.1098234029461347
0.1131486208659445
0.10937656695609974
0.11486563371055518

0.05212118995295158
0.07665192181968744
0.08459837987711166
0.09481297333556922
0.10185861479275406
0.10736829859242811
0.11031299594379634
0.11244089158130839
0.11140430514981128
0.11450103091933636

0.06688938952706938
0.07807415263343374
0.08607121819026235
0.10048449846028688
0.10574964688314946
0.10599977025601928
0.10926184154230055
0.11729969534255352
0.11930928452183777
0.128197059224656

0.05241683610008682
0.06636672582579163
0.07933616578113925
0.09916660940066156
0.10489741381368496
0.10279729342472732
0.10846805521509602
0.11193404387001954
0.114995020973164
0.12250800813457667

0.05241520378225796
0.06634636819388831
0.07933616578113925
0.09916660940066156
0.10489741381368496
0.10279729342472732
0.10846805521509602
0.11193404387001954
0.114995020973164
0.12250800813457667

0.05171117116298199
0.06804194349543677
0.08102794395152724
0.1026234650746974
0.1103842612160914
0.10386266352863929
0.10643859147655263
0.10825041674297445
0.10993121052986117
0.11106500841519928

0.05221891067682672
0.06775708281345916
0.08124845988012483
0.10123612184036462
0.11235897289743696
0.10643823364203989
0.10612773595362189
0.10632654556187089
0.10794540994697602
0.11137048591199188

0.05221737437184564
0.06773190677179274
0.08124845988012483
0.10123612184036462
0.11235897289743696
0.10643823364203989
0.10612773595362189
0.10632654556187089
0.10794540994697602
0.11137048591199188

0.05220954068621375
0.06874642124675004
0.08148046731707166
0.1023625588510793
0.11371847001688856
0.10897219961973277
0.10674103874788524
0.10935598153970705
0.11017422790327763
0.11153124811464206

0.05220954068621375
0.06874642124675004
0.08148046731707166
0.1023625588510793
0.11371847001688856
0.10897219961973277
0.10674103874788524
0.10935598153970705
0.11017422790327763
0.11153124811464206

0.053232975253524974
0.06745182391405397
0.08120584186571175
0.09810703413317919
0.11217904012512923
0.11305779929325245
0.11290247815975302
0.11418450252322454
0.11628995152877711
0.11858527335477814

0.05187646504563617
0.06479358910921318
0.07710662075614218
0.09264653471727122
0.10600845673080618
0.11081997612286248
0.11291570198188502
0.11634784418777713
0.1192646859694066
0.12486481567080082

0.051874983157312184
0.06479726647390342
0.07710662075614218
0.09264653471727122
0.10600845673080618
0.11081997612286248
0.11291570198188502
0.11634784418777713
0.1192646859694066
0.12486481567080082

0.05194415868804767
0.06368508402820922
0.07679013725265857
0.09255574528064615
0.10590150310955632
0.11147886797848994
0.11426049459169209
0.11828077559147326
0.12318899516542002
0.13038745870171803

0.05194181340225315
0.06368390150613569
0.07679013725265857
0.09255574528064615
0.10590150310955632
0.11147886797848994
0.11426049459169209
0.11828077559147326
0.12318899516542002
0.13038745870171803

0.05302901410515903
0.0637298560830082
0.07735051487346248
0.09354266992628724
0.1041053748079838
0.10931066164770976
0.11426521370774052
0.1192130148786173
0.12437661682326386
0.13076876372442736

0.053026985970195915
0.06372540967222941
0.07735051487346248
0.09354266992628724
0.1041053748079838
0.10931066164770976
0.11426521370774052
0.1192130148786173
0.12437661682326386
0.13076876372442736

0.05170076045689703
0.06237026762577493
0.07683272515471792
0.09452890389832602
0.10437411475755591
0.10566963294948595
0.11009272319741159
0.11444281472926265
0.11757504038896892
0.12647589907415957

0.052110272130632455
0.06269807778904887
0.07795276985237333
0.09565604638699572
0.10554256385737384
0.10450484869029769
0.109769753893007
0.1126707588696015
0.11212445799526752
0.11880869011024114

0.052110272130632455
0.06269807778904887
0.07795276985237333
0.09565604638699572
0.10554256385737384
0.10450484869029769
0.109769753893007
0.1126707588696015
0.11212445799526752
0.11880869011024114

0.05248128436307389
0.06347324833574136
0.07900578305363078
0.09678241933989845
0.10783394733510301
0.11026851319356332
0.11475290204917182
0.119811566344583
0.11662690507977964
0.12039243611496848

0.0524812960301811
0.06347455390919571
0.07900578305363078
0.09678241933989845
0.10783394733510301
0.11026851319356332
0.11475290204917182
0.119811566344583
0.11662690507977964
0.12039243611496848

0.0524812960301811
0.06347455390919571
0.07900578305363078
0.09678241933989845
0.10783394733510301
0.11026851319356332
0.11475290204917182
0.119811566344583
0.11662690507977964
0.12039243611496848

0.04250356122128714
0.07057592422429651
0.08501916583676267
0.09642512420338932
0.1058466620063022
0.10364859920349588
0.10229083120640393
0.1015792476226902
0.10394933826037757
0.10678419574581216

0.042413333673562106
0.06658553128452295
0.08380926272567824
0.09576225295295
0.10494746422225465
0.10337584148311206
0.10268611800351529
0.10189313502719782
0.10479953615942249
0.10737759300150942

0.04241306246266166
0.06658445841307203
0.08380926272567824
0.09576225295295
0.10494746422225465
0.10337584148311206
0.10268611800351529
0.10189313502719782
0.10479953615942249
0.10737759300150942

0.04283451204181309
0.06672659052552515
0.08270636838314147
0.09557632433968859
0.10479887779828624
0.10509969937753919
0.10319767618122605
0.10218914721925655
0.10359584659978699
0.10538384025215225

0.042688633556742024
0.066494084054593
0.08245106970535974
0.09574597331809587
0.1055749462079338
0.10592224283417823
0.10324290673889605
0.10157989428571507
0.1031197186615404
0.10536725598371444

0.042688218126941305
0.06649303883004729
0.08245106970535974
0.09574597331809587
0.1055749462079338
0.10592224283417823
0.10324290673889605
0.10157989428571507
0.1031197186615404
0.10536725598371444

0.042613967679874
0.06574645865952104
0.0845002384412919
0.09766756004512789
0.1067031613681528
0.1055049711370758
0.10364793734554292
0.10213136722055982
0.10400495526736439
0.10525652021004578

0.042613967679874
0.06574645865952104
0.0845002384412919
0.09766756004512789
0.1067031613681528
0.1055049711370758
0.10364793734554292
0.10213136722055982
0.10400495526736439
0.10525652021004578

0.04564450365583399
0.06705818149980279
0.08440362972459754
0.09781163069171873
0.10756455874768248
0.10491260254036697
0.10381195375173508
0.1040292063387265
0.1060040482560538
0.10952932654593336

0.04277385882399131
0.06547518441669813
0.08251969082945132
0.09480788136704643
0.1041265286037349
0.10396662030843994
0.10315366021201827
0.1034637602513439
0.10559285310088894
0.10859489510933319

0.04277332436675417
0.06547276860956593
0.08251969082945132
0.09480788136704643
0.1041265286037349
0.10396662030843994
0.10315366021201827
0.1034637602513439
0.10559285310088894
0.10859489510933319

0.04205741879596326
0.0652249130743774
0.0830954128749054
0.09445098247207735
0.10414114226616515
0.10372563795442628
0.10374493723270273
0.10445727323038166
0.10772125902095944
0.11031707446513646

0.04205669501305307
0.0652230360079273
0.0830954128749054
0.09445098247207735
0.10414114226616515
0.10372563795442628
0.10374493723270273
0.10445727323038166
0.10772125902095944
0.11031707446513646

0.04185748913852923
0.06415213631744926
0.0821610603320617
0.09437827255484146
0.103794639045203
0.10413618339166461
0.10353111710243885
0.10414806054915479
0.10734297108891255
0.10877669234496562

0.041857387289005274
0.06415092924839817
0.0821610603320617
0.09437827255484146
0.103794639045203
0.10413618339166461
0.10353111710243885
0.10414806054915479
0.10734297108891255
0.10877669234496562

0.04247015216439629
0.0642844025572725
0.0817730026202119
0.09436245115983002
0.10386670241941953
0.10317193915775935
0.10358965986455923
0.10281728714463202
0.1062235425913681
0.10760366538443664

0.04335718308134668
0.06437231508633344
0.0806957830672989
0.09253347907722109
0.10273945921929256
0.10235309144238645
0.10314555543586358
0.10237552935636515
0.1050294580054245
0.10659461341672363

0.04335718308134668
0.06437231508633344
0.0806957830672989
0.09253347907722109
0.10273945921929256
0.10235309144238645
0.10314555543586358
0.10237552935636515
0.1050294580054245
0.10659461341672363

0.04345495045011174
0.06517716932522023
0.08278409976318461
0.09471806304142995
0.10391686837176695
0.10357238426385623
0.10404959516503672
0.10453757428912361
0.1059940467653132
0.10784698921231622

0.04345495788960509
0.06517721358378538
0.08278409976318461
0.09471806304142995
0.10391686837176695
0.10357238426385623
0.10404959516503672
0.10453757428912361
0.1059940467653132
0.10784698921231622

0.04345495788960509
0.06517721358378538
0.08278409976318461
0.09471806304142995
0.10391686837176695
0.10357238426385623
0.10404959516503672
0.10453757428912361
0.1059940467653132
0.10784698921231622

0.053026985970195915
0.06372540967222941
0.07735051487346248
0.09354266992628724
0.1041053748079838
0.10931066164770976
0.11426521370774052
0.1192130148786173
0.12437661682326386
0.13076876372442736

0.041857387289005274
0.06415092924839817
0.0821610603320617
0.09437827255484146
0.103794639045203
0.10413618339166461
0.10353111710243885
0.10414806054915479
0.10734297108891255
0.10877669234496562

0.03156917117603109
0.07252160035999139
0.08015984471583985
0.08760100486575166
0.09300324317362228
0.09963702437072187
0.10173566982074686
0.10586895435143355
0.10853483010866424
0.11017046175910801

